# min|phi|/h    L2_error
1.171155e-04 5.696836e-03
2.147994e-04 5.309987e-03
3.969096e-04 5.557734e-03
4.902939e-04 4.646008e-03
5.668730e-04 5.439419e-03
7.459757e-04 4.358109e-03
8.007927e-04 4.591201e-03
1.201529e-03 5.418310e-03
1.410110e-03 4.850207e-03
1.838586e-03 5.179444e-03
1.932173e-03 5.643429e-03
1.964323e-03 4.654226e-03
2.118716e-03 4.379403e-03
2.177451e-03 5.243886e-03
2.344517e-03 5.580869e-03
2.713921e-03 5.299908e-03
2.768734e-03 4.998807e-03
3.492589e-03 4.357706e-03
3.618024e-03 5.545765e-03
3.643657e-03 4.417920e-03
3.766566e-03 5.715442e-03
3.913625e-03 5.539374e-03
3.961382e-03 5.556820e-03
3.999021e-03 4.535389e-03
4.355597e-03 5.543340e-03
4.654976e-03 5.657342e-03
4.681910e-03 5.410054e-03
4.707473e-03 5.444845e-03
4.850741e-03 5.294060e-03
4.940104e-03 5.654176e-03
5.025004e-03 4.417061e-03
5.048056e-03 5.658034e-03
5.558321e-03 5.676045e-03
5.614582e-03 4.793696e-03
5.828122e-03 5.634514e-03
5.864743e-03 5.714986e-03
6.077416e-03 5.351202e-03
6.196181e-03 5.530596e-03
6.205761e-03 4.796305e-03
6.294040e-03 4.358242e-03
6.397597e-03 5.031237e-03
6.408538e-03 5.358876e-03
6.580488e-03 4.409240e-03
6.696178e-03 5.687460e-03
6.846749e-03 5.357352e-03
7.043819e-03 4.446735e-03
7.183123e-03 5.628622e-03
7.254146e-03 4.359754e-03
7.330335e-03 5.697523e-03
7.387363e-03 4.492056e-03
7.417331e-03 5.529069e-03
7.660902e-03 4.584968e-03
7.885115e-03 5.425160e-03
8.234039e-03 4.361977e-03
8.258666e-03 4.792304e-03
8.335571e-03 5.267361e-03
8.371702e-03 5.394362e-03
8.411724e-03 4.402548e-03
8.786612e-03 5.140512e-03
9.383589e-03 5.470441e-03
9.413303e-03 4.644686e-03
9.429906e-03 5.070874e-03
9.483503e-03 4.361776e-03
9.649902e-03 5.544853e-03
1.042180e-02 5.507917e-03
1.074775e-02 5.405979e-03
1.122052e-02 5.688715e-03
1.129692e-02 5.424203e-03
1.134335e-02 4.722001e-03
1.146581e-02 5.666784e-03
1.176431e-02 5.317958e-03
1.178398e-02 4.839378e-03
1.210117e-02 5.638475e-03
1.214581e-02 4.465343e-03
1.224448e-02 5.643814e-03
1.230689e-02 4.387733e-03
1.277901e-02 5.206128e-03
1.281629e-02 4.469295e-03
1.294366e-02 4.375332e-03
1.308388e-02 5.678918e-03
1.324533e-02 4.389579e-03
1.325342e-02 5.593878e-03
1.340313e-02 5.215225e-03
1.351990e-02 5.088895e-03
1.376433e-02 4.623217e-03
1.381541e-02 4.610016e-03
1.399530e-02 4.642623e-03
1.414317e-02 5.437450e-03
1.452041e-02 5.701202e-03
1.458646e-02 4.356343e-03
1.466837e-02 5.562587e-03
1.470302e-02 5.676259e-03
1.486045e-02 4.741357e-03
1.506510e-02 4.904605e-03
1.512661e-02 4.500561e-03
1.520644e-02 4.524597e-03
1.525691e-02 5.698054e-03
1.544423e-02 5.697454e-03
1.564487e-02 5.621801e-03
1.606581e-02 5.328821e-03
1.628511e-02 5.309047e-03
1.661372e-02 4.353787e-03
1.684788e-02 5.645743e-03
1.703000e-02 4.411421e-03
1.723131e-02 5.303323e-03
1.777436e-02 4.376768e-03
1.783346e-02 5.551798e-03
1.796100e-02 5.546590e-03
1.806478e-02 5.562641e-03
1.852070e-02 5.575503e-03
1.905117e-02 5.170866e-03
1.948532e-02 4.425945e-03
2.037347e-02 4.990072e-03
2.038299e-02 5.654529e-03
2.052998e-02 5.367620e-03
2.055806e-02 5.679261e-03
2.065980e-02 5.637117e-03
2.078016e-02 5.651575e-03
2.121979e-02 5.437456e-03
2.122862e-02 5.714764e-03
2.139030e-02 5.403740e-03
2.179071e-02 5.631425e-03
2.193630e-02 4.384908e-03
2.197602e-02 5.686795e-03
2.264015e-02 4.530326e-03
2.295387e-02 5.343962e-03
2.322897e-02 5.351572e-03
2.370556e-02 5.522492e-03
2.372351e-02 4.786814e-03
2.391830e-02 5.022490e-03
2.445345e-02 5.417680e-03
2.454303e-02 5.416940e-03
2.513611e-02 5.387900e-03
2.520424e-02 5.435308e-03
2.539153e-02 5.326870e-03
2.588211e-02 5.538294e-03
2.607710e-02 4.443905e-03
2.613925e-02 5.132578e-03
2.625258e-02 4.488446e-03
2.644434e-02 5.688359e-03
2.648210e-02 4.415330e-03
2.676605e-02 5.501012e-03
2.683426e-02 5.223634e-03
2.684881e-02 5.640685e-03
2.777698e-02 5.596987e-03
2.796759e-02 4.365786e-03
2.836936e-02 4.409357e-03
2.896784e-02 5.567285e-03
2.978087e-02 4.831281e-03
2.996831e-02 5.699525e-03
3.031899e-02 5.674521e-03
3.042471e-02 5.699101e-03
3.092856e-02 5.080070e-03
3.094816e-02 5.695624e-03
3.106704e-02 4.461724e-03
3.170902e-02 5.618543e-03
3.179159e-02 5.648000e-03
3.179355e-02 4.465946e-03
3.214501e-02 4.374389e-03
3.215336e-02 4.616549e-03
3.226046e-02 4.603651e-03
3.232831e-02 4.635699e-03
3.286590e-02 4.895935e-03
3.302539e-02 4.734090e-03
3.302630e-02 5.321551e-03
3.387978e-02 4.496121e-03
3.417995e-02 4.358945e-03
3.424123e-02 5.377883e-03
3.427583e-02 5.296687e-03
3.603915e-02 4.354779e-03
3.613902e-02 5.651643e-03
3.629176e-02 5.162358e-03
3.642631e-02 5.634157e-03
3.662051e-02 5.714394e-03
3.664823e-02 5.648940e-03
3.703173e-02 4.376304e-03
3.800621e-02 4.981406e-03
3.836631e-02 5.427882e-03
3.913957e-02 5.446389e-03
3.955500e-02 4.433538e-03
3.985834e-02 5.336712e-03
4.029341e-02 5.231966e-03
4.104980e-02 5.410165e-03
4.130929e-02 4.525435e-03
4.146701e-02 5.013807e-03
4.162446e-02 5.642833e-03
4.232855e-02 5.599983e-03
4.313832e-02 5.494037e-03
4.329532e-02 5.571835e-03
4.513839e-02 4.441260e-03
4.596298e-02 5.672690e-03
4.648011e-02 5.693687e-03
4.780117e-02 5.615265e-03
4.798048e-02 5.388139e-03
4.836523e-02 5.071340e-03
5.069472e-02 4.887364e-03
5.073353e-02 4.597424e-03
5.108992e-02 5.636821e-03
5.134836e-02 5.290081e-03
5.221761e-02 5.438805e-03
5.254431e-02 5.646272e-03
5.266096e-02 4.491859e-03
5.310291e-02 5.457443e-03
5.356037e-02 5.153917e-03
5.380146e-02 4.361745e-03
5.566697e-02 4.972809e-03
5.631710e-02 4.376057e-03
5.765081e-02 5.576242e-03
5.767416e-02 5.402616e-03
6.163497e-02 5.670770e-03
6.204006e-02 5.691647e-03
6.392134e-02 5.611965e-03
6.422769e-02 4.438803e-03
6.578154e-02 5.639417e-03
6.709426e-02 5.468471e-03
6.844890e-02 5.283504e-03
6.846840e-02 5.643572e-03
6.855155e-02 4.878889e-03
6.923461e-02 4.591336e-03
7.085699e-02 5.145542e-03
7.147016e-02 4.487773e-03
7.203431e-02 5.580511e-03
7.335573e-02 4.964281e-03
7.345098e-02 4.364742e-03
7.563049e-02 4.376025e-03
8.442051e-02 5.640842e-03
8.643640e-02 4.870509e-03
8.644582e-02 5.584647e-03
8.776369e-02 4.585387e-03
9.107251e-02 4.955823e-03
9.312850e-02 4.367934e-03
9.497189e-02 4.376205e-03
